2.3407914176e+00 4.5513094558e-02
2.3361113727e+00 1.0375841649e-01
2.3285906385e+00 1.6201911401e-01
2.3183163647e+00 2.2020687617e-01
2.3053757005e+00 2.7823339200e-01
2.2898557953e+00 3.3601035056e-01
2.2718437986e+00 3.9344944089e-01
2.2514268597e+00 4.5046235202e-01
2.2286921281e+00 5.0696077300e-01
2.2037267531e+00 5.6285639287e-01
2.1766178841e+00 6.1806090068e-01
2.1474526706e+00 6.7248598546e-01
2.1163182619e+00 7.2604333626e-01
2.0833018075e+00 7.7864464213e-01
2.0484879503e+00 8.3019944452e-01
2.0117409813e+00 8.8042847641e-01
1.9725358527e+00 9.2871886622e-01
1.9303077408e+00 9.7442366037e-01
1.8844918218e+00 1.0168959053e+00
1.8345232718e+00 1.0554886473e+00
1.7798373429e+00 1.0895549328e+00
1.7203860958e+00 1.1184478083e+00
1.6578720060e+00 1.1415203202e+00
1.5943677754e+00 1.1581255148e+00
1.5319461062e+00 1.1676164385e+00
1.4726750179e+00 1.1693480759e+00
1.4179332153e+00 1.1629607143e+00
1.3676889698e+00 1.1486784109e+00
1.3217380290e+00 1.1267966288e+00
1.2798761410e+00 1.0976188594e+00
1.2418990535e+00 1.0617413419e+00
1.2076025143e+00 1.0201297791e+00
1.1767822714e+00 9.7377350636e-01
1.1492340724e+00 9.2366185713e-01
1.1247536652e+00 8.7066150893e-01
1.1031367978e+00 8.1518323795e-01
1.0841792178e+00 7.5753191952e-01
1.0676766731e+00 6.9801242895e-01
1.0534249116e+00 6.3692964156e-01
1.0412196812e+00 5.7458843269e-01
1.0308567295e+00 5.1129367765e-01
1.0221318044e+00 4.4735025176e-01
1.0148406539e+00 3.8306303035e-01
1.0087790257e+00 3.1873688874e-01
1.0037426676e+00 2.5467670224e-01
9.9953119726e-01 1.9118236097e-01
9.9607204543e-01 1.2838910152e-01
9.9344665828e-01 6.6233752096e-02
9.9174564947e-01 4.6413310496e-03
9.9105963267e-01 -5.6463143285e-02
9.9147922152e-01 -1.1715465257e-01
9.9309502971e-01 -1.7750817846e-01
9.9599767089e-01 -2.3759870263e-01
1.0002777587e+00 -2.9750120673e-01
1.0060259069e+00 -3.5729067243e-01
1.0133327290e+00 -4.1704208138e-01
1.0222888388e+00 -4.7683041525e-01
1.0329848498e+00 -5.3673065570e-01
1.0455113759e+00 -5.9681778438e-01
1.0599587770e+00 -6.5716299283e-01
1.0763981242e+00 -7.1754905114e-01
1.0948679725e+00 -7.7727254108e-01
1.1154037499e+00 -8.3558328775e-01
1.1380408845e+00 -8.9173111627e-01
1.1628148044e+00 -9.4496585177e-01
1.1897609375e+00 -9.9453731936e-01
1.2189147120e+00 -1.0396953442e+00
1.2503115559e+00 -1.0796897513e+00
1.2839868972e+00 -1.1137703658e+00
1.2839868972e+00 -1.1137703658e+00
1.3231758131e+00 -1.1528512646e+00
1.3785135140e+00 -1.2149278094e+00
1.4500000000e+00 -1.3000000000e+00
1.5131086907e+00 -1.2423465142e+00
1.5662817536e+00 -1.1977955188e+00
1.6095191887e+00 -1.1663470139e+00
1.6428209959e+00 -1.1480009993e+00
1.6428209959e+00 -1.1480009993e+00
1.6897582022e+00 -1.1262090335e+00
1.7368286035e+00 -1.0999790400e+00
1.7837883071e+00 -1.0695980336e+00
1.8303934202e+00 -1.0353530290e+00
1.8764000498e+00 -9.9753104100e-01
1.9215643032e+00 -9.5641908422e-01
1.9656422875e+00 -9.1230417343e-01
2.0083901099e+00 -8.6547332335e-01
2.0495638775e+00 -8.1621354869e-01
2.0889196976e+00 -7.6481186419e-01
2.1262136771e+00 -7.1155528457e-01
2.1612019234e+00 -6.5673082456e-01
2.1936405436e+00 -6.0062549887e-01
2.2232856448e+00 -5.4352632223e-01
2.2498933341e+00 -4.8572030937e-01
2.2732197189e+00 -4.2749447501e-01
2.2930209061e+00 -3.6913583388e-01
2.3090530030e+00 -3.1093140069e-01
2.3210721168e+00 -2.5316819017e-01
2.3288343545e+00 -1.9613321705e-01
2.3320958234e+00 -1.4011349605e-01
2.3306126307e+00 -8.5396041899e-02
2.3241408833e+00 -3.2267869313e-02
