2.340000e+00 0.000000e+00
2.337751e+00 7.446328e-02
2.331026e+00 1.486327e-01
2.319896e+00 2.222155e-01
2.304475e+00 2.949213e-01
2.284920e+00 3.664633e-01
2.261429e+00 4.365589e-01
2.234235e+00 5.049317e-01
2.203602e+00 5.713117e-01
2.169825e+00 6.354370e-01
2.133218e+00 6.970545e-01
2.094113e+00 7.559211e-01
2.052853e+00 8.118044e-01
2.009788e+00 8.644839e-01
1.965270e+00 9.137517e-01
1.919647e+00 9.594133e-01
1.873257e+00 1.001288e+00
1.826429e+00 1.039212e+00
1.779473e+00 1.073034e+00
1.732684e+00 1.102622e+00
1.686333e+00 1.127858e+00
1.640668e+00 1.148643e+00
1.595916e+00 1.164894e+00
1.552275e+00 1.176549e+00
1.509920e+00 1.183560e+00
1.469000e+00 1.185900e+00
1.429641e+00 1.183560e+00
1.391943e+00 1.176549e+00
1.355987e+00 1.164894e+00
1.321831e+00 1.148643e+00
1.289514e+00 1.127858e+00
1.259060e+00 1.102622e+00
1.230475e+00 1.073034e+00
1.203753e+00 1.039212e+00
1.178878e+00 1.001288e+00
1.155823e+00 9.594133e-01
1.134553e+00 9.137517e-01
1.115029e+00 8.644839e-01
1.097206e+00 8.118044e-01
1.081037e+00 7.559211e-01
1.066475e+00 6.970545e-01
1.053471e+00 6.354370e-01
1.041979e+00 5.713117e-01
1.031955e+00 5.049317e-01
1.023358e+00 4.365589e-01
1.016149e+00 3.664633e-01
1.010298e+00 2.949213e-01
1.005776e+00 2.222155e-01
1.002562e+00 1.486327e-01
1.000640e+00 7.446328e-02
1.000000e+00 -3.014641e-15
1.000640e+00 -7.446328e-02
1.002562e+00 -1.486327e-01
1.005776e+00 -2.222155e-01
1.010298e+00 -2.949213e-01
1.016149e+00 -3.664633e-01
1.023358e+00 -4.365589e-01
1.031955e+00 -5.049317e-01
1.041979e+00 -5.713117e-01
1.053471e+00 -6.354370e-01
1.066475e+00 -6.970545e-01
1.081037e+00 -7.559211e-01
1.097206e+00 -8.118044e-01
1.115029e+00 -8.644839e-01
1.134553e+00 -9.137517e-01
1.155823e+00 -9.594133e-01
1.178878e+00 -1.001288e+00
1.203753e+00 -1.039212e+00
1.230475e+00 -1.073034e+00
1.259060e+00 -1.102622e+00
1.289514e+00 -1.127858e+00
1.321831e+00 -1.148643e+00
1.355987e+00 -1.164894e+00
1.391943e+00 -1.176549e+00
1.429641e+00 -1.183560e+00
1.469000e+00 -1.185900e+00
1.509920e+00 -1.183560e+00
1.552275e+00 -1.176549e+00
1.595916e+00 -1.164894e+00
1.640668e+00 -1.148643e+00
1.686333e+00 -1.127858e+00
1.732684e+00 -1.102622e+00
1.779473e+00 -1.073034e+00
1.826429e+00 -1.039212e+00
1.873257e+00 -1.001288e+00
1.919647e+00 -9.594133e-01
1.965270e+00 -9.137517e-01
2.009788e+00 -8.644839e-01
2.052853e+00 -8.118044e-01
2.094113e+00 -7.559211e-01
2.133218e+00 -6.970545e-01
2.169825e+00 -6.354370e-01
2.203602e+00 -5.713117e-01
2.234235e+00 -5.049317e-01
2.261429e+00 -4.365589e-01
2.284920e+00 -3.664633e-01
2.304475e+00 -2.949213e-01
2.319896e+00 -2.222155e-01
2.331026e+00 -1.486327e-01
2.337751e+00 -7.446328e-02
2.340000e+00 -1.082337e-14
